1000 1000 1000 1000 1003 1043 1000 1000 1000 1000
1000 1000 1200 1200 1000 1020 1100 1000 1100 1000
1000 1100 1000 1000 1000 1600 1900 1600 1000 1200
1000 1000 1300 1000 1500 1700 1700 1600 1500 1000
1000 1100 1300 1600 2000 2000 1000 1000 1200 1700
1000 1000 1200 1700 1000 1100 1000 1500 1300 1000
1000 1100 1000 1300 1000 1000 1000 1400 1200 1000
1000 1200 1200 1000 1400 1000 1200 1000 1000 1400
1000 1000 1000 1000 1000 1000 1000 1000 1000 1000
1000 1000 1000 1000 1000 1000 1000 1000 1000 1000
